345897102
429703575
306391665
238320603
397687480
219279240
352050899
391373261
256245779
119954854
531590218
425154681
349739214
513089878
414857526
140446598
428935170
488146162
482786977
335386278
47057062
39095089
445772580
534932697
478866092
203786231
368981856
446000193
127769531
532364159
518467531
515411586
468845225
471463417
284154697
427817482
40068844
515505526
483546078
267956480
270342081
474874426
192681119
505556679
512952636
340038718
253430041
268370717
368901066
320622821
345108409
393403404
390383011
481663009
108710848
472301626
467989916
347609315
465068966
153712406
532341061
520184813
285424201
384556685
232038576
314838054
534599579
250967185
398193704
216997455
65507800
12321712
501984605
175919578
339831429
364804471
511338184
64075763
441050109
180054828
428707273
335040530
9710300
9710312
446153669
519437460
345913339
411129423
315685134
122116759
236544641
514282893
220527645
470005556
362435692
478738407
312144990
158627324
23124630
241833294
346757188
6504902
417418768
489745685
227903801
333723005
422027418
431008370
382448671
318431104
179494521
233439769
422817731
453291838
437581584
227689260
9553903
434701609
15548266
346246404
117979168
327129422
215125455
246977922
401958986
355477557
222932934
532896723
292010579
524166391
363010948
394999169
437768934
534008411
153546106
63804059
492598122
500728086
265991245
439001811
474621036
243453491
316315856
23911219
351714265
444704736
439651706
443045687
504102014
440910456
172123439
22887584
457793848
256879962
495912447
305144050
457612589
482510838
402440994
319872528
65867641
509927315
334957601
518497968
29406977
432349853
109438328
537429041
263698570
264537760
123443275
42952093
506464293
50157436
207528035
539424403
210903289
535764817
297065123
283007638
539717712
348448231
495637568
477863615
185167220
64865783
505502806
532376766
245687313
339718606
486049720
49957167
503087184
248312290
332764143
46108226
438853449
58001511
308184954
481455091
186286194
511722920
446347622
418950781
370076877
111376472
497522865
338282999
383987061
2540129
239177868
477490955
452903836
227709090
468609038
374799065
437705631
510088134
532880269
534031779
524609600
40827118
466815300
8980985
314292669
362417606
444065477
15226268
147989703
327992232
347283605
60663260
466968956
65765284
493792394
447637759
17930392
275192370
409835392
276383880
303911949
314489511
277585221
29896432
163744478
477802350
68553838
116720571
462987510
24538712
311438900
190171985
5008984
297336469
16646274
274450080
370218869
246762911
210973080
42701292
388793469
498993187
433132358
273664083
206920396
482353370
222846607
189584440
342575397
267059182
511948271
162766841
43034873
139292230
260685106
508046196
460652470
504412776
52670155
466754302
165365409
337800750
334405834
64549860
424628346
394758734
27775758
55471457
483560891
354198670
441571760
313075011
185691897
257310030
50089306
383744291
258909523
401272783
10929511
497524008
283791855
30040379
390876543
322306642
320302189
4953042
334306219
201731933
390358736
544432164
279809109
316358020
480980888
477528627
427636874
165525342
207720988
495536408
517883416
444123358
106416622
419709229
539657261
526736125
483641089
186194991
219742560
98553779
402379729
473121221
489343692
139762693
498769907
530260864
495719747
495506647
203486368
9054792
395992064
42917967
278801213
141874957
528477544
370387943
250995450
270346618
